[about.jpg]
filters=fill=1,0.121495;finetune2=1,0.081871,0.039298,0.221754,00000000,-0.146199;CrossProcess=1,92.982460;
moddate=951760ae1a4ed601
width=498
height=615
textactive=0
[me2.jpg]
filters=fill=1,0.149533;finetune2=1,0.000000,0.213333,0.000000,00000000,0.000000;
moddate=a20baf271b4ed601
width=992
height=1003
textactive=0
[me.jpg]
filters=finetune2=1,0.000000,0.106667,0.070175,00000000,-0.064327;sat=1,-0.064327;
moddate=9894d2771b4ed601
width=1822
height=1825
textactive=0
